From,To
За типами показників,Тип водопостачання
Тип водопостачання,Область
